70 103
47 44
5 7
47 5
44 13
7 68
44 7
13 34
68 31
13 68
34 70
31 11
34 31
70 20
11 19
70 11
20 62
19 49
20 19
62 57
49 25
62 49
57 66
25 53
57 25
66 38
53 58
66 53
38 45
58 63
38 58
45 2
63 48
45 63
2 23
48 14
2 48
23 32
14 65
23 14
32 24
65 56
32 65
24 69
56 9
24 56
69 54
9 1
69 9
54 6
1 52
54 1
6 17
52 64
6 52
17 12
64 35
17 64
12 42
35 36
12 35
42 21
36 15
42 36
21 39
15 22
21 15
39 41
22 29
39 22
41 4
29 16
41 29
4 59
16 55
4 16
59 8
55 61
59 55
8 26
61 27
8 61
26 51
27 28
26 27
51 60
28 37
51 28
60 30
37 50
60 37
30 46
50 40
30 50
46 18
40 10
46 40
18 67
10 33
18 10
67 43
33 3
67 33
43 3
